0x46,1,15,100
0x46,2,14,100
0x46,3,13,110
0x46,4,12,85
0x46,5,11,80
0x46,6,10,100
0x46,7,9,80
0x46,8,8,100
0x46,9,7,110
0x46,10,6,100
0x46,11,5,90
0x46,12,4,105
0x46,13,3,90
0x46,14,2,90
0x46,15,1,105
0x46,16,0,80
0x45,17,15,98
0x45,18,14,102
0x45,19,13,105
0x45,20,12,95
0x45,21,11,95
0x45,22,10,94
0x45,23,9,85
0x45,24,8,80
0x45,25,7,100
0x45,26,6,85
0x45,27,5,80
0x45,28,4,115
0x45,29,3,100
0x45,30,2,95
0x45,31,1,85
0x45,32,0,100
0x44,33,15,115
0x44,34,14,95
0x44,35,13,80
0x44,36,12,90
0x44,37,11,95
0x44,38,10,80
0x44,39,9,90
0x44,40,8,90
0x44,41,7,100
0x44,42,6,105
0x44,43,5,105
0x44,44,4,95
0x44,45,3,105
0x44,46,2,100
0x44,47,1,90
0x44,48,0,106
0x43,49,15,85
0x43,50,14,90
0x43,51,13,90
0x43,52,12,90
0x43,53,11,95
0x43,54,10,80
0x43,55,9,95
0x43,56,8,85
0x43,57,7,108
0x43,58,6,115
0x43,59,5,100
0x43,60,4,105
0x43,61,3,100
0x43,62,2,90
0x43,63,1,90
0x43,64,0,90
0x42,65,15,105
0x42,66,14,75
0x42,67,13,95
0x42,68,12,110
0x42,69,11,110
0x42,70,10,90
0x42,71,9,90
0x42,72,8,100
0x42,73,7,90
0x42,74,6,85
0x42,75,5,105
0x42,76,4,90
0x42,77,3,100
0x42,78,2,100
0x42,79,1,95
0x42,80,0,85
0x41,81,15,90
0x41,82,14,95
0x41,83,13,100
0x41,84,12,100
0x41,85,11,90
0x41,86,10,90
0x41,87,9,95
0x41,88,8,90
0x41,89,7,105
0x41,90,6,88
0x41,91,5,100
0x41,92,4,110
0x41,93,3,100
0x41,94,2,110
0x41,95,1,100
0x41,96,0,105
0x40,97,15,95
0x40,98,14,90
0x40,99,13,110
0x40,100,12,90
0x40,101,11,80
0x40,102,10,90
0x40,103,9,100
0x40,104,8,100
0x40,105,7,95
0x40,106,6,75
0x40,107,5,90